¬
GL,28,2,1459,20,20,2675,135,00
¬
HG,5,5,1906,9,15,350,30,00
¬
FL,15,9,1910,15,35,2850,140,00
¬
GA,21,7,1987,9,45,1250,95,00
¬
BD,30,4,1994,13,25,1850,70,00
¬
BD,11,3,1996,9,55,650,60,00
¬
BC,1,1,2000,20,30,750,40,00
¬
AG,20,4,2001,9,11,1150,80,020009
|
Yolo,Swag,8601
|
Pinguino,Rodriguez,4010
¬
AB,11,9,2001,0,0,600,50,020418
|
IO,NO,1505
|
Ramon,Ayala,5319
¬
GE,11,9,2001,8,30,1175,75,00
¬
KJ,11,9,2001,18,10,300,25,00
¬
AF,12,9,2001,4,20,1050,90,00
¬
CE,9,5,2003,11,11,850,50,00
¬
LM,4,4,2004,12,5,650,40,00
¬
CD,11,4,2005,10,10,800,35,00
¬
IH,6,6,2006,16,40,400,30,00
¬
LK,30,8,2008,13,15,700,70,00
¬
FB,12,12,2012,0,0,800,65,00
¬
JM,12,12,2012,12,0,1450,70,00
¬
BA,21,12,2012,8,30,600,50,00
¬
IK,14,3,2016,4,50,400,35,00
¬
ML,14,9,2016,4,20,700,40,00
¬
EC,16,9,2016,10,50,750,45,00
¬
EG,31,10,2016,14,45,1150,80,00
¬
DE,25,12,2016,21,0,900,45,00
¬
EL,14,2,2017,5,10,1650,60,00
¬
ED,21,3,2017,2,40,700,35,00
¬
DB,30,4,2017,22,0,700,55,00
¬
LE,7,7,2017,21,0,1550,60,00
¬
HI,19,11,2019,19,45,400,35,00
¬
GJ,1,5,2020,4,20,1400,60,00
¬
JL,22,2,2022,10,40,750,40,00
¬
GH,4,7,2025,16,20,450,25,00
¬
KI,28,6,2032,10,15,400,35,00
